Best val acc, mean: [0.43166023 0.41254826 0.42162162 0.39305019 0.36389961 0.3015444
 0.2453668  0.25366795] | std: [0.03482617 0.03136754 0.02767023 0.02958396 0.01991788 0.03290699
 0.01803651 0.01903675]
sub_exp_id 1: [0.36293436 0.3996139  0.48262548 0.46332046 0.42664093 0.43050193
 0.39382239 0.45559846 0.44787645 0.45366795]
sub_exp_id 2: [0.36872587 0.36872587 0.44594595 0.45366795 0.37837838 0.42471042
 0.38996139 0.41891892 0.44015444 0.43629344]
sub_exp_id 3: [0.3957529  0.39189189 0.45559846 0.43629344 0.41698842 0.42664093
 0.36486486 0.44015444 0.43629344 0.45173745]
sub_exp_id 4: [0.35521236 0.36679537 0.41312741 0.41891892 0.35907336 0.41698842
 0.35521236 0.4015444  0.4034749  0.44015444]
sub_exp_id 5: [0.33204633 0.37258687 0.37258687 0.37258687 0.33204633 0.38223938
 0.34169884 0.36872587 0.37258687 0.39189189]
sub_exp_id 6: [0.25868726 0.26254826 0.36100386 0.28571429 0.2992278  0.33204633
 0.26447876 0.30694981 0.33783784 0.30694981]
sub_exp_id 7: [0.21621622 0.23552124 0.24710425 0.23938224 0.24517375 0.25675676
 0.22586873 0.24517375 0.25675676 0.28571429]
sub_exp_id 8: [0.23359073 0.27992278 0.23552124 0.24903475 0.26640927 0.25482625
 0.24903475 0.22007722 0.27027027 0.27799228]
