Best val acc, mean: [0.         0.43803089 0.42509653 0.4996139  0.40559846 0.5469112
 0.5527027  0.51274131 0.36544402 0.44864865 0.5003861 ] | std: [0.         0.03076048 0.02002146 0.02643872 0.01838442 0.02148068
 0.03265973 0.0212741  0.03077985 0.06829285 0.02360902]
sub_id 1: [0.37258687 0.43822394 0.47104247 0.46138996 0.42857143 0.45173745
 0.38996139 0.45559846 0.45173745 0.45945946]
sub_id 2: [0.42084942 0.46138996 0.44401544 0.42277992 0.42277992 0.40926641
 0.42664093 0.39382239 0.44787645 0.4015444 ]
sub_id 3: [0.5019305  0.51351351 0.49034749 0.47490347 0.44401544 0.50579151
 0.51158301 0.54633205 0.52123552 0.48648649]
sub_id 4: [0.40540541 0.39189189 0.38223938 0.39189189 0.3957529  0.43050193
 0.43436293 0.43243243 0.3957529  0.3957529 ]
sub_id 5: [0.57142857 0.55791506 0.53474903 0.51158301 0.56177606 0.54826255
 0.58301158 0.55019305 0.52702703 0.52316602]
sub_id 6: [0.50965251 0.58494208 0.54054054 0.57528958 0.54633205 0.57142857
 0.56370656 0.61003861 0.51930502 0.50579151]
sub_id 7: [0.45945946 0.51930502 0.52123552 0.54054054 0.51737452 0.496139
 0.52702703 0.52895753 0.50965251 0.50772201]
sub_id 8: [0.38416988 0.36486486 0.38610039 0.40733591 0.30888031 0.37258687
 0.34169884 0.34942085 0.40733591 0.33204633]
sub_id 9: [0.46525097 0.36486486 0.29343629 0.45366795 0.41312741 0.48455598
 0.5019305  0.47876448 0.51351351 0.51737452]
sub_id 10: [0.50965251 0.52509653 0.55212355 0.49420849 0.5019305  0.49034749
 0.496139   0.46332046 0.496139   0.47490347]
